-60.35379 -98.62001 -98.02161 -99.51493 52.89925
40.28681 38.7092 -96.18689 -24.52068 -79.88329
-47.0903 -60.14542 -56.12624 57.05915 32.56116
59.06091 -49.23176 78.11313 79.0912 -64.26833
-35.66207 -95.80336 -73.5241 -8.561403 -89.49657
-88.04778 -9.464759 -99.86474 -99.30133 -69.85712
-88.02224 -99.6993 -55.3174 -46.75433 -68.2876
-72.80236 -77.76749 -79.89967 -71.05141 65.10186
-41.98556 -51.15679 -90.4191 -88.06049 -99.55195
-35.47106 31.75627 -68.97066 20.71579 -85.12699
-85.62401 -84.56113 -65.71643 -95.574 -98.41323
75.01501 -71.58969 -91.17604 -48.81578 -50.11576
-85.04801 -98.9852 -82.59828 -97.82602 -98.18011
1.308151 -25.72411 30.41419 87.28926 32.99295
-90.8231 -92.96228 6.193404 -6.754692 15.8292
82.53371 3.784456 -3.6384 0.009135406 54.45539
57.38355 84.11324 87.4177 -29.03533 -79.07819
-74.74765 94.14318 77.28131 69.66006 70.99391
61.90033 65.51375 -92.06453 -90.7284 88.82513
-34.93262 -12.75056 -16.91486 4.927973 -0.9270159
46.67544 56.13462 79.06409 92.49255 96.51728
25.76611 -98.92859 68.2482 62.77411 65.19726
71.77913 55.42013 -42.67904 -24.34824 97.69796
97.06147 90.8216 91.04162 18.53926 47.74776
-83.75594 99.18981 99.82732 99.64769 -13.71665
-6.803946 -11.91523 88.63681 86.92673 97.31166
98.84917 98.10402 56.78783 -24.26195 90.59713
98.17637 7.077615 -68.14146 90.65841 44.73657
-98.43495 97.0892 97.71391 30.28289 -21.36227
14.56308 -88.16918 87.78201 97.60113 -73.43307
82.11776 -55.59753 -54.86865 47.11301 15.1636
9.803108 -99.49438 -32.66496 98.21119 49.85559
39.52791 49.3272 -1.031945 51.30258 -89.8499
-94.87528 -32.04865 -11.39431 -72.58642 -89.12833
71.83724 96.83878 34.92652 22.62795 -74.92739
-93.3778 -27.57638 -25.29609 32.27449 94.72148
-89.53299 -87.83715 -84.09897 66.08695 -42.64539
-78.81843 72.54959 45.01595 40.71927 31.36414
-82.22505 -86.08249 76.84967 -98.05737 -97.73547
-99.37609 96.28702 38.61117 45.12613 62.53202
-93.78765 -29.0008 89.36289 14.45648 78.96454
55.38282 99.08648 -77.29228 -54.54284 -62.9631
-98.70093 79.96744 34.73895 -97.00301 -99.8549
-21.81062 -22.08083 29.28689 -39.5454 -99.45011
-43.80852 -40.82609 64.6104 -92.28383 -39.5617
-3.321128 -13.17322 -62.00377 -75.79356 95.87427
-73.77441 26.75782 98.84662 3.111736 -22.02977
-40.49453 -94.64463 -95.31157 -59.8865 -53.1017
-49.43525 -20.11368 49.96651 -58.93774 -7.443247
70.54497 98.07521 -93.66637 -94.99488 11.21143
38.98615 -63.17632 -48.43835 43.84886 -19.38463
-94.44417 98.82928 -91.65494
