40.6051 14.83294 18.06446 6.28911 84.62912
91.45726 92.11288 -21.33363 28.21736 -58.66117
-83.16975 -74.86886 -82.70253 81.15707 94.46351
79.91093 -81.18215 61.62536 61.04534 3.441862
-5.848948 28.17542 -67.41431 44.73435 -44.06832
-47.0717 -63.65843 2.692213 10.7974 68.39922
45.3248 -0.2546492 82.86469 88.34214 73.03443
67.23187 62.46964 59.7246 70.28266 74.85803
54.02516 85.86165 41.76903 46.43035 -7.443322
-92.66732 -94.58771 72.37232 97.57168 51.80979
51.08594 53.14974 -75.36364 22.87717 12.71916
65.2821 67.4811 38.54587 86.87124 -37.85063
-51.73007 -11.30466 54.36357 -18.19752 -18.7549
-99.49409 -96.45625 -93.63121 -41.68297 -33.72138
-41.09975 -36.10947 -50.23837 -1.7197 70.54216
-55.98846 56.08979 99.42951 99.91526 83.1574
-65.72306 -53.57453 -44.3082 -94.60396 -60.80612
-65.95952 -28.41122 62.57061 70.94605 70.42183
59.18672 -23.39826 -30.99717 -41.40197 40.18761
-91.04842 98.79481 98.08342 99.61767 99.69029
-87.8925 82.64165 31.31429 37.91475 -4.120955
-70.88462 0.86575 72.44312 77.50043 74.53774
-66.76029 -82.60703 -90.38573 -96.99053 -20.20982
-23.24354 -40.40658 -40.95303 28.21736 -8.945885
52.84034 6.319985 2.712766 7.196054 -98.68861
99.25627 96.59883 -44.73694 -43.922 22.44075
2.808727 5.020459 80.99597 -95.6903 -31.7348
-15.94991 99.48631 -69.73779 -38.8426 22.02348
-11.05037 -11.31067 -4.669831 73.63909 96.93088
98.8025 46.24257 -47.78322 -21.61231 -65.34814
-56.39071 -82.85587 -83.35871 87.09908 98.41052
99.27787 7.314243 94.2931 -12.27224 68.47753
90.91068 86.81503 -98.49354 -85.73408 -43.32125
-31.16384 -71.91693 99.24911 -68.70319 -44.58183
9.635735 21.81297 92.99676 97.28602 65.86031
-35.77619 -95.96353 -96.65432 93.45591 11.91084
44.09474 47.3158 -51.62438 74.87397 90.02744
60.66937 68.28559 -88.77987 -91.1935 93.58258
-55.64593 -50.59063 -62.10572 -17.12034 -19.35299
-8.017129 -11.90402 -91.88495 -88.98983 77.87491
-33.96653 -95.37485 -43.48518 96.6174 -60.94412
-82.85628 -1.492435 63.21595 83.54109 -76.2578
6.489979 -9.978197 93.10651 22.01924 -2.271398
62.28366 -97.27471 95.39856 -90.83476 8.516637
-87.97562 -91.02419 -75.01387 37.62745 90.65608
99.36863 98.70457 78.06964 64.66674 27.16186
-67.49566 95.99719 -6.287221 99.25747 95.94589
91.11641 30.91416 28.30099 -79.82962 -83.00415
-86.92609 97.58225 -84.1984 80.49413 99.38868
70.14437 -11.29724 33.63869 30.78931 99.14987
-91.81964 76.8095 -86.97559 89.6889 96.78017
30.64666 -3.305226 39.27468
